protocol		results.  row1=D32p34PP1 pPDE4 pPDE10cAMP, row2=PkcCaDag
120hz                [ 170.136  170.344  182.406  177.312  188.804  176.02   186.257  174.848  179.78   179.623  186.111]
  		     [  4.692  14.729   1.972   1.877   2.701   1.636   1.595   1.372   2.036   3.116   1.579]
1theta               [ 218.32   227.434  232.399  228.697  227.911  234.276  233.211  224.385  228.519  224.401  237.035]
		     [  5.835  18.804   2.777   2.969   2.658   3.182   2.284   2.575   1.718   2.083   3.402]
2adj20hz             [ 224.486  233.377  221.15   232.57   240.156  231.146  229.944  232.746  225.198  243.034  234.823]
		     [  5.328  14.174  15.417   2.628   2.624   2.253   1.743   1.177   2.501   1.979   2.176]
2adjtheta            [ 266.84   277.235  276.016  291.239  289.575  288.661  289.995  273.529  282.024  283.041  286.229]
  		     [  6.766  20.946  24.417   2.625   3.969   2.582   3.895   2.278   4.188   5.668   2.404]
2other20hz           [ 218.903  205.111  224.451  230.298  233.509  233.595  231.142  218.094  233.754  224.837  229.448]
  		     [  5.198  15.912   2.419   2.662   2.595   2.297   2.8    16.792   1.388   1.903   2.687]
2othertheta          [ 261.711  260.398  274.813  283.002  280.121  271.498  274.709  272.093  262.699  275.163  280.229]
  		     [  6.436  17.697   3.387   3.845   3.214   2.852   3.069  19.735   2.885   2.985   3.802]
2sep20hz             [ 220.605  216.158  238.687  227.58   251.109  232.561  230.691  221.588  231.845  229.493  237.138]
  		     [  5.069  17.473   2.561   2.151   1.78    2.641   3.062  16.157   2.405   2.221   1.874]
2septheta            [ 242.676  262.275  259.287  265.093  267.652  248.168  255.61   247.387  247.175  257.157  266.745]
  		     [  6.273  18.012   2.917   2.812   4.438   2.29    4.428  22.911   2.016   3.135   3.158]
3sep20hz             [ 248.978  244.81   261.779  263.5    254.536  268.478  274.732  249.299  269.696  258.411  246.412]
  		     [  5.531  18.12    1.966   3.088   2.712   1.657   2.951  19.272   2.605   2.711  14.938]
3septheta            [ 314.531  323.424  336.955  323.116  337.56   335.891  326.255  322.092  326.612  328.032  329.663]
		     [  7.718  18.473   6.146   3.202   3.786   2.939   5.252  19.551   4.035   3.244  24.404]
		     
 row1=CKpCamCa4, row2=Epac1cAMP
120hz                [ 0.383  0.46   0.418  0.335  0.354  0.458  0.329  0.297  0.39   0.31  0.301]
  		     [ 7.447  7.899  7.764  7.517  7.43   7.182  7.182  7.05   7.197  7.132  7.163]
1theta               [ 3.76   4.073  3.845  3.863  3.82   3.73   3.565  3.414  3.357  3.359  3.458]
		     [ 8.691  9.393  9.278  8.546  8.344  8.349  8.351  8.193  8.158  8.195  8.375]
2adj20hz             [ 0.853  1.008  1.073  0.894  0.82   0.806  0.755  0.708  0.721  0.883  0.74 ]
  		     [  9.252  10.165   9.717   9.484   9.164   9.096   8.798   8.764   8.683   8.716   8.572]
2adjtheta            [ 6.02   6.755  6.474  6.515  5.924  5.674  5.559  5.337  5.536  5.593  5.189]
  		     [ 10.666  11.002  10.768  10.767  10.393  10.423  10.368  10.164  10.602  10.369  10.549]
2other20hz           [ 0.546  0.591  0.693  0.557  0.544  0.625  0.528  0.583  0.494  0.505  0.564]
  		     [ 9.228  9.265  9.194  9.196  9.203  9.186  9.35   9.422  9.36   9.324  9.404]
2othertheta          [ 5.373  5.472  5.348  5.344  5.49   5.295  5.537  5.353  5.621  5.183  5.536]
  		     [ 10.268  10.485  10.197  10.421  10.173  10.134  10.432  10.154  10.273  10.238  10.248]
2sep20hz             [ 0.512  0.548  0.523  0.52   0.471  0.454  0.511  0.54   0.504  0.515  0.492]
  		     [ 9.168  9.314  9.485  9.048  9.352  9.048  9.131  9.217  8.88   8.874  8.813]
2septheta            [ 4.97   5.217  4.898  5.29   4.71   4.779  4.748  5.004  4.691  4.929  4.758]
  		     [ 10.011  10.143   9.965  10.044  10.047  10.162   9.808   9.866   9.835   9.953   9.842]
3sep20hz             [ 0.888  0.863  0.702  0.935  0.933  0.969  1.015  1.021  0.99   1.082  1.061]
  		     [ 10.51   10.441  10.128  10.089  10.377  10.405  10.473  10.461  10.525  10.54   10.688]
3septheta            [ 8.041  7.899  8.176  7.938  8.448  8.143  8.097  8.146  8.254  8.447  8.285]
  		     [ 12.636  12.378  12.606  12.887  12.64   12.59   12.593  12.58   12.466  12.714  12.847]

1. Pkc indicates which spine was stimulated.  larger for theta than 20hz, but no effect of number of stim sines
2. PKA targets do not vary by stimulated spine.  Increases with number of spines (1-2, 2-3).
3. Epac1 and Ckp increase with number of spines (1-2, 2-3). Epac1 slightly higher for theta than 20hz.
This suggests that saturation of Erk is due to triggering bistable switch?

NEXT STEPS:
create robustness sims
1. Altered stimulation and CKp diffusion (easy - start)
2. altered m1 and mGluR - (easy, but need new IC)
3. parameters that affect bath and block

While robustness simulations are running,
      a. analyze multi-spine and alcohol
      b. continue writing results and drafting figures
